what,kind,bundleId,bundleVersion,description,time
activated,workbench,org.eclipse.ui.workbench,3.7.1.v20120104-1859,"",1431148671426
executed,command,org.eclipse.ui,3.7.0.v20110928-1505,"org.eclipse.ui.file.save",1431148699756
deactivated,workbench,org.eclipse.ui.workbench,3.7.1.v20120104-1859,"",1431148700610
activated,workbench,org.eclipse.ui.workbench,3.7.1.v20120104-1859,"",1431148702372
executed,command,org.eclipse.jdt.ui,3.7.2.v20120109-1427,"org.eclipse.jdt.ui.edit.text.java.source.quickMenu",1431148706146
executed,command,org.eclipse.jdt.ui,3.7.2.v20120109-1427,"org.eclipse.jdt.ui.edit.text.java.source.quickMenu",1431148712539
deactivated,workbench,org.eclipse.ui.workbench,3.7.1.v20120104-1859,"",1431148715252
activated,workbench,org.eclipse.ui.workbench,3.7.1.v20120104-1859,"",1431148720734
executed,command,org.eclipse.jdt.ui,3.7.2.v20120109-1427,"org.eclipse.jdt.ui.edit.text.java.create.getter.setter",1431148720815
deactivated,workbench,org.eclipse.ui.workbench,3.7.1.v20120104-1859,"",1431148724962
activated,workbench,org.eclipse.ui.workbench,3.7.1.v20120104-1859,"",1431148730030
deactivated,workbench,org.eclipse.ui.workbench,3.7.1.v20120104-1859,"",1431148739847
activated,workbench,org.eclipse.ui.workbench,3.7.1.v20120104-1859,"",1431148740487
executed,command,org.eclipse.jdt.ui,3.7.2.v20120109-1427,"org.eclipse.jdt.ui.edit.text.java.source.quickMenu",1431148744227
deactivated,workbench,org.eclipse.ui.workbench,3.7.1.v20120104-1859,"",1431148748400
activated,workbench,org.eclipse.ui.workbench,3.7.1.v20120104-1859,"",1431148754583
executed,command,org.eclipse.jdt.ui,3.7.2.v20120109-1427,"org.eclipse.jdt.ui.edit.text.java.generate.constructor.using.fields",1431148754662
executed,command,org.eclipse.jdt.ui,3.7.2.v20120109-1427,"org.eclipse.jdt.ui.edit.text.java.source.quickMenu",1431148758922
deactivated,workbench,org.eclipse.ui.workbench,3.7.1.v20120104-1859,"",1431148760425
activated,workbench,org.eclipse.ui.workbench,3.7.1.v20120104-1859,"",1431148767110
executed,command,org.eclipse.jdt.ui,3.7.2.v20120109-1427,"org.eclipse.jdt.ui.edit.text.java.generate.constructor.using.fields",1431148767151
deactivated,workbench,org.eclipse.ui.workbench,3.7.1.v20120104-1859,"",1431148768385
activated,workbench,org.eclipse.ui.workbench,3.7.1.v20120104-1859,"",1431148769420
executed,command,org.eclipse.ui,3.7.0.v20110928-1505,"org.eclipse.ui.edit.text.contentAssist.proposals",1431148774833
executed,command,org.eclipse.ui,3.7.0.v20110928-1505,"org.eclipse.ui.file.save",1431148784429
activated,view,org.eclipse.jdt.ui,3.7.2.v20120109-1427,"org.eclipse.jdt.ui.PackageExplorer",1431148787656
deactivated,workbench,org.eclipse.ui.workbench,3.7.1.v20120104-1859,"",1431148792140
activated,workbench,org.eclipse.ui.workbench,3.7.1.v20120104-1859,"",1431148795410
opened,editor,org.eclipse.jdt.ui,3.7.2.v20120109-1427,"org.eclipse.jdt.ui.CompilationUnitEditor",1431148795604
activated,editor,org.eclipse.jdt.ui,3.7.2.v20120109-1427,"org.eclipse.jdt.ui.CompilationUnitEditor",1431148795656
executed,command,org.eclipse.jdt.ui,3.7.2.v20120109-1427,"org.eclipse.jdt.ui.edit.text.java.surround.with.quickMenu",1431148835898
executed,command,org.eclipse.jdt.ui,3.7.2.v20120109-1427,"org.eclipse.jdt.ui.edit.text.java.source.quickMenu",1431148837890
deactivated,workbench,org.eclipse.ui.workbench,3.7.1.v20120104-1859,"",1431148840794
activated,workbench,org.eclipse.ui.workbench,3.7.1.v20120104-1859,"",1431148844478
executed,command,org.eclipse.jdt.ui,3.7.2.v20120109-1427,"org.eclipse.jdt.ui.edit.text.java.create.getter.setter",1431148844520
executed,command,org.eclipse.jdt.ui,3.7.2.v20120109-1427,"org.eclipse.jdt.ui.edit.text.java.source.quickMenu",1431148847331
deactivated,workbench,org.eclipse.ui.workbench,3.7.1.v20120104-1859,"",1431148848467
activated,workbench,org.eclipse.ui.workbench,3.7.1.v20120104-1859,"",1431148852777
failed,command,org.eclipse.jdt.ui,3.7.2.v20120109-1427,"org.eclipse.jdt.ui.edit.text.java.create.getter.setter",1431148852791
executed,command,org.eclipse.jdt.ui,3.7.2.v20120109-1427,"org.eclipse.jdt.ui.edit.text.java.source.quickMenu",1431148855051
deactivated,workbench,org.eclipse.ui.workbench,3.7.1.v20120104-1859,"",1431148855919
activated,workbench,org.eclipse.ui.workbench,3.7.1.v20120104-1859,"",1431148859087
failed,command,org.eclipse.jdt.ui,3.7.2.v20120109-1427,"org.eclipse.jdt.ui.edit.text.java.create.getter.setter",1431148859094
deactivated,workbench,org.eclipse.ui.workbench,3.7.1.v20120104-1859,"",1431148860398
activated,workbench,org.eclipse.ui.workbench,3.7.1.v20120104-1859,"",1431148860944
executed,command,org.eclipse.jdt.ui,3.7.2.v20120109-1427,"org.eclipse.jdt.ui.edit.text.java.source.quickMenu",1431148862889
deactivated,workbench,org.eclipse.ui.workbench,3.7.1.v20120104-1859,"",1431148863448
activated,workbench,org.eclipse.ui.workbench,3.7.1.v20120104-1859,"",1431148864383
executed,command,org.eclipse.jdt.ui,3.7.2.v20120109-1427,"org.eclipse.jdt.ui.edit.text.java.generate.constructor.using.fields",1431148864418
executed,command,org.eclipse.jdt.ui,3.7.2.v20120109-1427,"org.eclipse.jdt.ui.edit.text.java.source.quickMenu",1431148866090
deactivated,workbench,org.eclipse.ui.workbench,3.7.1.v20120104-1859,"",1431148867395
activated,workbench,org.eclipse.ui.workbench,3.7.1.v20120104-1859,"",1431148878794
executed,command,org.eclipse.jdt.ui,3.7.2.v20120109-1427,"org.eclipse.jdt.ui.edit.text.java.generate.constructor.using.fields",1431148878833
executed,command,org.eclipse.ui,3.7.0.v20110928-1505,"org.eclipse.ui.file.save",1431148889512
executed,command,org.eclipse.ui,3.7.0.v20110928-1505,"org.eclipse.ui.edit.text.contentAssist.proposals",1431148891582
executed,command,org.eclipse.ui,3.7.0.v20110928-1505,"org.eclipse.ui.file.save",1431148902458
deactivated,workbench,org.eclipse.ui.workbench,3.7.1.v20120104-1859,"",1431148903280
activated,workbench,org.eclipse.ui.workbench,3.7.1.v20120104-1859,"",1431148910340
deactivated,workbench,org.eclipse.ui.workbench,3.7.1.v20120104-1859,"",1431148913342
activated,workbench,org.eclipse.ui.workbench,3.7.1.v20120104-1859,"",1431148914527
activated,view,org.eclipse.jdt.ui,3.7.2.v20120109-1427,"org.eclipse.jdt.ui.PackageExplorer",1431148919441
executed,command,org.eclipse.ui,3.7.0.v20110928-1505,"org.eclipse.ui.edit.copy",1431148922028
deactivated,workbench,org.eclipse.ui.workbench,3.7.1.v20120104-1859,"",1431148923608
activated,workbench,org.eclipse.ui.workbench,3.7.1.v20120104-1859,"",1431148927976
executed,command,org.eclipse.ui,3.7.0.v20110928-1505,"org.eclipse.ui.edit.paste",1431148928028
opened,editor,org.eclipse.jdt.ui,3.7.2.v20120109-1427,"org.eclipse.jdt.ui.CompilationUnitEditor",1431148930313
activated,editor,org.eclipse.jdt.ui,3.7.2.v20120109-1427,"org.eclipse.jdt.ui.CompilationUnitEditor",1431148930369
deactivated,workbench,org.eclipse.ui.workbench,3.7.1.v20120104-1859,"",1431148944824
activated,workbench,org.eclipse.ui.workbench,3.7.1.v20120104-1859,"",1431148946582
executed,command,org.eclipse.ui,3.7.0.v20110928-1505,"org.eclipse.ui.edit.delete",1431148966337
executed,command,org.eclipse.ui,3.7.0.v20110928-1505,"org.eclipse.ui.file.save",1431148967667
deactivated,workbench,org.eclipse.ui.workbench,3.7.1.v20120104-1859,"",1431148969564
activated,workbench,org.eclipse.ui.workbench,3.7.1.v20120104-1859,"",1431148971013
deactivated,workbench,org.eclipse.ui.workbench,3.7.1.v20120104-1859,"",1431148976608
activated,workbench,org.eclipse.ui.workbench,3.7.1.v20120104-1859,"",1431148977869
deactivated,workbench,org.eclipse.ui.workbench,3.7.1.v20120104-1859,"",1431148983260
activated,workbench,org.eclipse.ui.workbench,3.7.1.v20120104-1859,"",1431148985077
executed,command,org.eclipse.ui,3.7.0.v20110928-1505,"org.eclipse.ui.file.save",1431149027723
activated,editor,org.eclipse.jdt.ui,3.7.2.v20120109-1427,"org.eclipse.jdt.ui.CompilationUnitEditor",1431149030766
executed,command,org.eclipse.jdt.ui,3.7.2.v20120109-1427,"org.eclipse.jdt.ui.edit.text.java.source.quickMenu",1431149035696
deactivated,workbench,org.eclipse.ui.workbench,3.7.1.v20120104-1859,"",1431149035922
activated,workbench,org.eclipse.ui.workbench,3.7.1.v20120104-1859,"",1431149052456
executed,command,org.eclipse.jdt.ui,3.7.2.v20120109-1427,"org.eclipse.jdt.ui.edit.text.java.generate.constructor.using.fields",1431149052495
activated,editor,org.eclipse.jdt.ui,3.7.2.v20120109-1427,"org.eclipse.jdt.ui.CompilationUnitEditor",1431149056554
activated,editor,org.eclipse.jdt.ui,3.7.2.v20120109-1427,"org.eclipse.jdt.ui.CompilationUnitEditor",1431149063995
executed,command,org.eclipse.ui,3.7.0.v20110928-1505,"org.eclipse.ui.edit.cut",1431149073136
executed,command,org.eclipse.ui,3.7.0.v20110928-1505,"org.eclipse.ui.edit.paste",1431149075743
executed,command,org.eclipse.ui,3.7.0.v20110928-1505,"org.eclipse.ui.file.save",1431149080343
activated,editor,org.eclipse.jdt.ui,3.7.2.v20120109-1427,"org.eclipse.jdt.ui.CompilationUnitEditor",1431149081873
deactivated,workbench,org.eclipse.ui.workbench,3.7.1.v20120104-1859,"",1431149091932
activated,workbench,org.eclipse.ui.workbench,3.7.1.v20120104-1859,"",1431149096092
deactivated,workbench,org.eclipse.ui.workbench,3.7.1.v20120104-1859,"",1431149098567
activated,workbench,org.eclipse.ui.workbench,3.7.1.v20120104-1859,"",1431149105698
activated,editor,org.eclipse.jdt.ui,3.7.2.v20120109-1427,"org.eclipse.jdt.ui.CompilationUnitEditor",1431149106959
deactivated,workbench,org.eclipse.ui.workbench,3.7.1.v20120104-1859,"",1431149110079
activated,workbench,org.eclipse.ui.workbench,3.7.1.v20120104-1859,"",1431149112357
activated,editor,org.eclipse.jdt.ui,3.7.2.v20120109-1427,"org.eclipse.jdt.ui.CompilationUnitEditor",1431149114279
deactivated,workbench,org.eclipse.ui.workbench,3.7.1.v20120104-1859,"",1431149120383
activated,workbench,org.eclipse.ui.workbench,3.7.1.v20120104-1859,"",1431149121388
activated,editor,org.eclipse.jdt.ui,3.7.2.v20120109-1427,"org.eclipse.jdt.ui.CompilationUnitEditor",1431149122751
activated,editor,org.eclipse.jdt.ui,3.7.2.v20120109-1427,"org.eclipse.jdt.ui.CompilationUnitEditor",1431149133695
executed,command,,,"AUTOGEN:::org.eclipse.jdt.internal.ui.CompilationUnitEditor.ruler.actions/org.eclipse.jdt.internal.ui.javaeditor.JavaSelectRulerAction",1431149139925
activated,editor,org.eclipse.jdt.ui,3.7.2.v20120109-1427,"org.eclipse.jdt.ui.CompilationUnitEditor",1431149151154
activated,editor,org.eclipse.jdt.ui,3.7.2.v20120109-1427,"org.eclipse.jdt.ui.CompilationUnitEditor",1431149154297
executed,command,org.eclipse.ui,3.7.0.v20110928-1505,"org.eclipse.ui.file.save",1431149166601
executed,command,org.eclipse.jdt.ui,3.7.2.v20120109-1427,"org.eclipse.jdt.ui.edit.text.java.organize.imports",1431149169816
deactivated,workbench,org.eclipse.ui.workbench,3.7.1.v20120104-1859,"",1431149177314
activated,workbench,org.eclipse.ui.workbench,3.7.1.v20120104-1859,"",1431149181580
executed,command,org.eclipse.ui,3.7.0.v20110928-1505,"org.eclipse.ui.file.save",1431149216118
executed,command,org.eclipse.ui,3.7.0.v20110928-1505,"org.eclipse.ui.file.save",1431149241192
deactivated,workbench,org.eclipse.ui.workbench,3.7.1.v20120104-1859,"",1431149242154
activated,workbench,org.eclipse.ui.workbench,3.7.1.v20120104-1859,"",1431149242870
executed,command,org.eclipse.jdt.debug.ui,3.6.1.v20111006_r372,"org.eclipse.jdt.debug.ui.localJavaShortcut.run",1431149245059
activated,view,org.eclipse.ui.console,3.5.100.v20111007_r372,"org.eclipse.ui.console.ConsoleView",1431149246420
activated,editor,org.eclipse.jdt.ui,3.7.2.v20120109-1427,"org.eclipse.jdt.ui.CompilationUnitEditor",1431149248937
executed,command,org.eclipse.ui,3.7.0.v20110928-1505,"org.eclipse.ui.file.save",1431149253612
executed,command,org.eclipse.jdt.debug.ui,3.6.1.v20111006_r372,"org.eclipse.jdt.debug.ui.localJavaShortcut.run",1431149256079
activated,view,org.eclipse.ui.console,3.5.100.v20111007_r372,"org.eclipse.ui.console.ConsoleView",1431149256898
deactivated,workbench,org.eclipse.ui.workbench,3.7.1.v20120104-1859,"",1431149257475
activated,workbench,org.eclipse.ui.workbench,3.7.1.v20120104-1859,"",1431149260973
activated,editor,org.eclipse.jdt.ui,3.7.2.v20120109-1427,"org.eclipse.jdt.ui.CompilationUnitEditor",1431149261001
deactivated,workbench,org.eclipse.ui.workbench,3.7.1.v20120104-1859,"",1431149265972
activated,workbench,org.eclipse.ui.workbench,3.7.1.v20120104-1859,"",1431149267373
executed,command,org.eclipse.ui,3.7.0.v20110928-1505,"org.eclipse.ui.file.save",1431149291596
deactivated,workbench,org.eclipse.ui.workbench,3.7.1.v20120104-1859,"",1431149292180
activated,workbench,org.eclipse.ui.workbench,3.7.1.v20120104-1859,"",1431149293364
deactivated,workbench,org.eclipse.ui.workbench,3.7.1.v20120104-1859,"",1431149330162
activated,workbench,org.eclipse.ui.workbench,3.7.1.v20120104-1859,"",1431149330837
executed,command,org.eclipse.ui,3.7.0.v20110928-1505,"org.eclipse.ui.edit.copy",1431149335699
executed,command,org.eclipse.ui,3.7.0.v20110928-1505,"org.eclipse.ui.edit.paste",1431149340596
executed,command,org.eclipse.ui,3.7.0.v20110928-1505,"org.eclipse.ui.edit.delete",1431149346629
executed,command,org.eclipse.ui,3.7.0.v20110928-1505,"org.eclipse.ui.file.save",1431149348447
deactivated,workbench,org.eclipse.ui.workbench,3.7.1.v20120104-1859,"",1431149349669
activated,workbench,org.eclipse.ui.workbench,3.7.1.v20120104-1859,"",1431149350450
deactivated,workbench,org.eclipse.ui.workbench,3.7.1.v20120104-1859,"",1431149369127
activated,workbench,org.eclipse.ui.workbench,3.7.1.v20120104-1859,"",1431149372498
deactivated,workbench,org.eclipse.ui.workbench,3.7.1.v20120104-1859,"",1431149379980
activated,workbench,org.eclipse.ui.workbench,3.7.1.v20120104-1859,"",1431149381022
executed,command,org.eclipse.ui,3.7.0.v20110928-1505,"org.eclipse.ui.edit.copy",1431149406550
executed,command,org.eclipse.ui,3.7.0.v20110928-1505,"org.eclipse.ui.edit.paste",1431149418050
executed,command,org.eclipse.ui,3.7.0.v20110928-1505,"org.eclipse.ui.file.save",1431149418567
executed,command,org.eclipse.ui.workbench.texteditor,3.7.0.v20110928-1504,"org.eclipse.ui.edit.text.delete.line",1431149418575
executed,command,org.eclipse.ui,3.7.0.v20110928-1505,"org.eclipse.ui.edit.undo",1431149420155
executed,command,org.eclipse.jdt.debug.ui,3.6.1.v20111006_r372,"org.eclipse.jdt.debug.ui.localJavaShortcut.run",1431149425960
activated,view,org.eclipse.ui.console,3.5.100.v20111007_r372,"org.eclipse.ui.console.ConsoleView",1431149426915
activated,editor,org.eclipse.jdt.ui,3.7.2.v20120109-1427,"org.eclipse.jdt.ui.CompilationUnitEditor",1431149428517
deactivated,workbench,org.eclipse.ui.workbench,3.7.1.v20120104-1859,"",1431149433383
activated,workbench,org.eclipse.ui.workbench,3.7.1.v20120104-1859,"",1431149437405
executed,command,org.eclipse.ui,3.7.0.v20110928-1505,"org.eclipse.ui.file.save",1431149441106
executed,command,org.eclipse.jdt.debug.ui,3.6.1.v20111006_r372,"org.eclipse.jdt.debug.ui.localJavaShortcut.run",1431149442961
activated,view,org.eclipse.ui.console,3.5.100.v20111007_r372,"org.eclipse.ui.console.ConsoleView",1431149443723
activated,editor,org.eclipse.jdt.ui,3.7.2.v20120109-1427,"org.eclipse.jdt.ui.CompilationUnitEditor",1431149447426
deactivated,workbench,org.eclipse.ui.workbench,3.7.1.v20120104-1859,"",1431149449749
activated,workbench,org.eclipse.ui.workbench,3.7.1.v20120104-1859,"",1431149453537
deactivated,workbench,org.eclipse.ui.workbench,3.7.1.v20120104-1859,"",1431149454963
activated,workbench,org.eclipse.ui.workbench,3.7.1.v20120104-1859,"",1431149457283
executed,command,org.eclipse.ui,3.7.0.v20110928-1505,"org.eclipse.ui.file.save",1431149467894
deactivated,workbench,org.eclipse.ui.workbench,3.7.1.v20120104-1859,"",1431149473483
activated,workbench,org.eclipse.ui.workbench,3.7.1.v20120104-1859,"",1431149475890
deactivated,workbench,org.eclipse.ui.workbench,3.7.1.v20120104-1859,"",1431149478678
activated,workbench,org.eclipse.ui.workbench,3.7.1.v20120104-1859,"",1431149480065
deactivated,workbench,org.eclipse.ui.workbench,3.7.1.v20120104-1859,"",1431149481853
activated,workbench,org.eclipse.ui.workbench,3.7.1.v20120104-1859,"",1431149483392
deactivated,workbench,org.eclipse.ui.workbench,3.7.1.v20120104-1859,"",1431149484492
activated,workbench,org.eclipse.ui.workbench,3.7.1.v20120104-1859,"",1431149551267
executed,command,org.eclipse.ui,3.7.0.v20110928-1505,"org.eclipse.ui.file.save",1431149573977
activated,view,org.eclipse.jdt.ui,3.7.2.v20120109-1427,"org.eclipse.jdt.ui.PackageExplorer",1431149576747
error,log,,,"No property tester contributes a property com.aptana.ide.core.ui.nature to type class org.eclipse.jdt.internal.core.JavaProject",1431149578937
executed,command,org.eclipse.ui.ide,3.7.0.v20110928-1505,"org.eclipse.ui.project.closeProject",1431149581017
closed,editor,org.eclipse.jdt.ui,3.7.2.v20120109-1427,"org.eclipse.jdt.ui.CompilationUnitEditor",1431149581347
closed,editor,org.eclipse.jdt.ui,3.7.2.v20120109-1427,"org.eclipse.jdt.ui.CompilationUnitEditor",1431149581377
closed,editor,org.eclipse.jdt.ui,3.7.2.v20120109-1427,"org.eclipse.jdt.ui.CompilationUnitEditor",1431149581427
activated,view,org.eclipse.ui.console,3.5.100.v20111007_r372,"org.eclipse.ui.console.ConsoleView",1431149582007
deactivated,workbench,org.eclipse.ui.workbench,3.7.1.v20120104-1859,"",1431149582937
activated,workbench,org.eclipse.ui.workbench,3.7.1.v20120104-1859,"",1431149584757
closed,workbench,org.eclipse.ui.workbench,3.7.1.v20120104-1859,"",1431149585187
stopped,bundle,org.eclipse.jst.ws.axis.creation.ui,1.0.700.v201104070312,"org.eclipse.jst.ws.axis.creation.ui",1431149588067
stopped,bundle,org.eclipse.jst.ws.axis.consumption.ui,1.0.505.v201004211805,"org.eclipse.jst.ws.axis.consumption.ui",1431149588127
stopped,bundle,org.eclipse.jst.ws.axis.consumption.core,1.0.407.v201104071820,"org.eclipse.jst.ws.axis.consumption.core",1431149588277
stopped,bundle,org.eclipse.jst.ws.axis2.creation.ui,1.0.104.v201004211805,"org.eclipse.jst.ws.axis2.creation.ui",1431149588327
stopped,bundle,org.eclipse.jst.ws.axis2.consumption.ui,1.0.103.v201004211805,"org.eclipse.jst.ws.axis2.consumption.ui",1431149588457
stopped,bundle,org.eclipse.jst.ws.axis2.creation.core,1.0.106.v201004211805,"org.eclipse.jst.ws.axis2.creation.core",1431149588517
stopped,bundle,org.eclipse.jst.ws.axis2.consumption.core,1.0.105.v201004211805,"org.eclipse.jst.ws.axis2.consumption.core",1431149588547
activated,perspective,org.eclipse.jdt.ui,,"org.eclipse.jdt.ui.JavaPerspective",1431150818384
started,bundle,org.eclipse.osgi,3.7.2.v20120110-1415,"org.eclipse.osgi",1431150818385
started,bundle,org.eclipse.equinox.simpleconfigurator,1.0.200.v20110815-1438,"org.eclipse.equinox.simpleconfigurator",1431150818392
started,bundle,com.ibm.icu,4.4.2.v20110823,"com.ibm.icu",1431150818398
started,bundle,org.eclipse.core.contenttype,3.4.100.v20110423-0524,"org.eclipse.core.contenttype",1431150818409
started,bundle,org.eclipse.core.databinding.observable,1.4.0.I20110222-0800,"org.eclipse.core.databinding.observable",1431150818421
started,bundle,org.eclipse.core.expressions,3.4.300.v20110228,"org.eclipse.core.expressions",1431150818424
started,bundle,org.eclipse.core.filesystem,1.3.100.v20110423-0524,"org.eclipse.core.filesystem",1431150818436
started,bundle,org.eclipse.core.jobs,3.5.101.v20120113-1953,"org.eclipse.core.jobs",1431150818456
started,bundle,org.eclipse.core.net,1.2.100.I20110511-0800,"org.eclipse.core.net",1431150818466
started,bundle,org.eclipse.core.resources,3.7.101.v20120125-1505,"org.eclipse.core.resources",1431150818475
started,bundle,org.eclipse.core.runtime,3.7.0.v20110110,"org.eclipse.core.runtime",1431150818486
started,bundle,org.eclipse.core.runtime.compatibility,3.2.100.v20100505,"org.eclipse.core.runtime.compatibility",1431150818499
started,bundle,org.eclipse.core.runtime.compatibility.auth,3.2.200.v20110110,"org.eclipse.core.runtime.compatibility.auth",1431150818516
started,bundle,org.eclipse.debug.core,3.7.1.v20111129-2031,"org.eclipse.debug.core",1431150818531
started,bundle,org.eclipse.debug.ui,3.7.102.v20111129-1423_r372,"org.eclipse.debug.ui",1431150818551
started,bundle,org.eclipse.epp.mpc.ui,1.1.1.I20110907-0947,"org.eclipse.epp.mpc.ui",1431150818571
started,bundle,org.eclipse.epp.usagedata.gathering,1.3.1.R201106061540,"org.eclipse.epp.usagedata.gathering",1431150818582
started,bundle,org.eclipse.epp.usagedata.recording,1.3.1.R201106061540,"org.eclipse.epp.usagedata.recording",1431150818597
started,bundle,org.eclipse.equinox.app,1.3.100.v20110321,"org.eclipse.equinox.app",1431150818607
started,bundle,org.eclipse.equinox.common,3.6.0.v20110523,"org.eclipse.equinox.common",1431150818624
started,bundle,org.eclipse.equinox.ds,1.3.1.R37x_v20110701,"org.eclipse.equinox.ds",1431150818635
started,bundle,org.eclipse.equinox.event,1.2.100.v20110502,"org.eclipse.equinox.event",1431150818651
started,bundle,org.eclipse.equinox.p2.core,2.1.1.v20120113-1346,"org.eclipse.equinox.p2.core",1431150818652
started,bundle,org.eclipse.equinox.p2.directorywatcher,1.0.300.v20110815-1419,"org.eclipse.equinox.p2.directorywatcher",1431150818666
started,bundle,org.eclipse.equinox.p2.engine,2.1.1.R37x_v20111003,"org.eclipse.equinox.p2.engine",1431150818679
started,bundle,org.eclipse.equinox.p2.metadata,2.1.0.v20110815-1419,"org.eclipse.equinox.p2.metadata",1431150818690
started,bundle,org.eclipse.equinox.p2.metadata.repository,1.2.0.v20110815-1419,"org.eclipse.equinox.p2.metadata.repository",1431150818699
started,bundle,org.eclipse.equinox.p2.operations,2.1.1.R37x_v20111111,"org.eclipse.equinox.p2.operations",1431150818714
started,bundle,org.eclipse.equinox.p2.reconciler.dropins,1.1.100.v20110815-1419,"org.eclipse.equinox.p2.reconciler.dropins",1431150818722
started,bundle,org.eclipse.equinox.p2.repository,2.1.1.v20120113-1346,"org.eclipse.equinox.p2.repository",1431150818724
started,bundle,org.eclipse.equinox.p2.ui.sdk.scheduler,1.0.100.v20110815-1419,"org.eclipse.equinox.p2.ui.sdk.scheduler",1431150818737
started,bundle,org.eclipse.equinox.p2.updatechecker,1.1.200.v20110815-1419,"org.eclipse.equinox.p2.updatechecker",1431150818748
started,bundle,org.eclipse.equinox.preferences,3.4.2.v20120111-2020,"org.eclipse.equinox.preferences",1431150818765
started,bundle,org.eclipse.equinox.registry,3.5.101.R37x_v20110810-1611,"org.eclipse.equinox.registry",1431150818780
started,bundle,org.eclipse.equinox.security,1.1.1.R37x_v20110822-1018,"org.eclipse.equinox.security",1431150818805
started,bundle,org.eclipse.equinox.util,1.0.300.v20110502,"org.eclipse.equinox.util",1431150818815
started,bundle,org.eclipse.help,3.5.100.v20110426,"org.eclipse.help",1431150818830
started,bundle,org.eclipse.jdt.core,3.7.3.v20120119-1537,"org.eclipse.jdt.core",1431150818848
started,bundle,org.eclipse.jdt.debug,3.7.1.v20111006_r372,"org.eclipse.jdt.debug",1431150818867
started,bundle,org.eclipse.jface,3.7.0.v20110928-1505,"org.eclipse.jface",1431150818880
started,bundle,org.eclipse.jsch.core,1.1.300.I20110514-0800,"org.eclipse.jsch.core",1431150818894
started,bundle,org.eclipse.jst.ws.jaxws.utils,1.0.100.v201201031437,"org.eclipse.jst.ws.jaxws.utils",1431150818910
started,bundle,org.eclipse.mylyn.bugzilla.core,3.6.5.v20120123-0100,"org.eclipse.mylyn.bugzilla.core",1431150818918
started,bundle,org.eclipse.mylyn.bugzilla.ui,3.6.0.v20110608-1400,"org.eclipse.mylyn.bugzilla.ui",1431150818932
started,bundle,org.eclipse.mylyn.commons.identity,0.8.0.v20110608-1400,"org.eclipse.mylyn.commons.identity",1431150818942
started,bundle,org.eclipse.mylyn.commons.net,3.6.0.v20110608-1400,"org.eclipse.mylyn.commons.net",1431150818942
started,bundle,org.eclipse.mylyn.commons.ui,3.6.1.v20110720-0100,"org.eclipse.mylyn.commons.ui",1431150818943
started,bundle,org.eclipse.mylyn.context.core,3.6.1.v20110720-0100,"org.eclipse.mylyn.context.core",1431150818953
started,bundle,org.eclipse.mylyn.context.ui,3.6.1.v20120112-0100,"org.eclipse.mylyn.context.ui",1431150818966
started,bundle,org.eclipse.mylyn.monitor.ui,3.6.0.v20110608-1400,"org.eclipse.mylyn.monitor.ui",1431150818967
started,bundle,org.eclipse.mylyn.tasks.ui,3.6.5.v20120215-0100,"org.eclipse.mylyn.tasks.ui",1431150819005
started,bundle,org.eclipse.mylyn.team.ui,3.6.1.v20110825-0100,"org.eclipse.mylyn.team.ui",1431150819013
started,bundle,org.eclipse.search,3.7.0.v20110928-1504,"org.eclipse.search",1431150819027
started,bundle,org.eclipse.team.core,3.6.0.I20110525-0800,"org.eclipse.team.core",1431150819039
started,bundle,org.eclipse.team.cvs.core,3.3.400.I20110510-0800,"org.eclipse.team.cvs.core",1431150819047
started,bundle,org.eclipse.team.cvs.ui,3.3.401.v20120126-1227,"org.eclipse.team.cvs.ui",1431150819063
started,bundle,org.eclipse.team.ui,3.6.101.R37x_v20111109-0800,"org.eclipse.team.ui",1431150819081
started,bundle,org.eclipse.ui,3.7.0.v20110928-1505,"org.eclipse.ui",1431150819091
started,bundle,org.eclipse.ui.console,3.5.100.v20111007_r372,"org.eclipse.ui.console",1431150819104
started,bundle,org.eclipse.ui.forms,3.5.101.v20111011-1919,"org.eclipse.ui.forms",1431150819112
started,bundle,org.eclipse.ui.ide,3.7.0.v20110928-1505,"org.eclipse.ui.ide",1431150819127
started,bundle,org.eclipse.ui.net,1.2.100.v20111208-1155,"org.eclipse.ui.net",1431150819139
started,bundle,org.eclipse.ui.views,3.6.0.v20110928-1505,"org.eclipse.ui.views",1431150819163
started,bundle,org.eclipse.ui.workbench,3.7.1.v20120104-1859,"org.eclipse.ui.workbench",1431150819185
started,bundle,org.eclipse.ui.workbench.texteditor,3.7.0.v20110928-1504,"org.eclipse.ui.workbench.texteditor",1431150819199
started,bundle,org.eclipse.update.configurator,3.3.100.v20100512,"org.eclipse.update.configurator",1431150819210
started,bundle,org.eclipse.update.core,3.2.500.v20110330,"org.eclipse.update.core",1431150819222
started,bundle,org.eclipse.update.scheduler,3.2.300.v20100512,"org.eclipse.update.scheduler",1431150819230
started,bundle,org.eclipse.update.ui,3.2.300.v20100512,"org.eclipse.update.ui",1431150819247
started,bundle,org.eclipse.wst.common.project.facet.core,1.4.201.v201201101553,"org.eclipse.wst.common.project.facet.core",1431150819268
started,bundle,org.eclipse.wst.web,1.1.501.v201201190400,"org.eclipse.wst.web",1431150819282
started,bundle,com.aptana.ide.core,1.2.7.024747,"com.aptana.ide.core",1431150819309
started,bundle,com.aptana.ide.core.ui,1.2.7.024747,"com.aptana.ide.core.ui",1431150819311
started,bundle,com.aptana.ide.db.ui,1.2.7.024747,"com.aptana.ide.db.ui",1431150819321
